27,4
27,1
27,3
3,2
3,1
3,3
10,97
10,123
10,265
10,215
10,105
10,91
10,81
10,127
11,28
11,11
11,9
11,4
8,2
36,5
36,4
36,3
36,2
36,1
36,0
32,4
32,3
32,2
32,1
32,0
30,3
30,2
30,1
20,3
20,2
20,1
19,3
19,2
19,1
12,3
12,2
12,1
11,29
11,27
11,24
11,23
11,21
11,20
11,19
11,17
11,16
11,15
11,13
11,12
11,10
11,7
11,6
11,3
11,2
11,1
10,311
10,301
10,285
10,273
10,271
10,267
10,219
10,217
10,207
10,195
10,181
10,179
10,173
18,1
10,135
18,3
10,133
14,1
14,3
13,1
10,119
13,3
10,113
10,111
10,103
10,85
10,33
2,2
10,19
2,1
2,3
10,9
10,3
10,2
10,1
